16064034
16064035
16064036
16064037
16064074
16064076
16064077
16064078
16064079
16064080
16064081
16064082
16065001
16065002
16065003
16065004
16065005
16065006
16065007
16065008
16065009
16065010
16065011
16065012
16065013
16065014
16065015
16065016
16065017
16065018
16065023
16065024
16065025
16065026
16065027
16065028
16065036
16065037
16065038
16065039
16065041
16065042
16065043
16065044
16065045
16065046
16065047
16065048
16065059
16065060
16065061
16065072
16066001
16066002
16066003
16066004
16066005
16066006
16066007
16066008
16066009
16066010
16066011
16066012
16066015
16066016
16066017
16066018
16066019
16066020
16066021
16066026
16066027
16066028
16066029
16066030
16066031
16066032
16066033
16066035
16066046
16066047
16066048
16066049
16066050
16066051
16066052
16066053
16066054
16066055
16066057
16066059
16066060
16067001
16067002
16067003
16067004
16067005
16067006
16067013
16067014
16067015
16067016
16067017
16067019
16067020
16067021
16067022
16067039
16067040
16067041
16067042
16067043
16067044
16067045
16067046
16067047
16067048
16068001
16068002
16068003
16068004
16068005
16068006
16068007
16068008
16068009
16068010
16068012
16068013
16068014
16068015
16068016
16068017
16068018
16068021
16068022
16068023
16068024
16068025
16068026
16068027
16068028
16068029
16068030
16068031
16068032
16068033
16068034
16068035
16068036
16068037
16068038
16068039
16068040
16068042
16068043
16068055
16068056
16068057
16068058
16069001
16069002
16069003
16069004
16069005
16069006
16069007
16069008
16069009
16069010
16069011
16069012
16069013
16069014
16069015
16069016
16069023
16069024
16069025
16069026
16069027
16069028
16069029
16069030
16069031
16069032
16069033
16069034
16069035
16069036
16069037
16069038
16069039
16069040
16069041
16069042
16069045
16069046
16069047
16069050
16069052
16069053
16069054
16069055
16069056
16069058
16069059
16069060
16069061
16069062
16069063
16069064
16069065
16069066
16069067
16070002
16070003
16070004
16070005
16070006
16070007
16070008
16070009
16070010
16070011
16070012
16070013
16070014
16070015
16070035
16070036
16070037
16070038
16070039
16071001
16071002
16071003
16071004
16071005
16071006
16071007
16071008
16071009
16071010
16071011
16071012
16071013
16071014
16071015
16071016
16071017
16071018
16071019
16071020
16071021
16071022
16071023
16071024
16071025
16071026
16071027
16071035
16071038
16071042
16071043
16071044
16071045
16071046
16071049
16071050
16071051
16071052
16071053
16071054
16071055
16071056
16071057
16071058
16071059
16071060
16071061
16071062
16071069
16071070
16071072
16071073
16071074
16071076
16071077
16071078
16071079
16072001
16072002
16072003
16072005
16072006
16072007
16072008
16072009
16072010
16072011
16072012
16072013
16072014
16072021
16072022
16072023
16072024
16072025
16072026
16072027
16072031
16072032
16072033
16072034
16072035
16072036
16072038
16072039
16072040
16072041
16072042
16072043
16072046
16072047
16072048
16072055
16072056
16072057
16072058
16072059
16072060
16072061
16072062
16073001
16073003
16073004
16073007
16073014
16073015
16073017
16073018
16073019
16073020
16073021
16073023
16073024
16073025
16073026
16073029
16073030
16073031
16073032
16073033
16073034
16073035
16073037
16073038
16073039
16073040
16073042
16073043
16073044
16073051
16074024
16077011
16077019
16077020
16077021
16077026
16077027
16077028
16077029
16077030
16077031
16077032
16077033
16077034
16077035
16077036
16077037
16077038
16077039
16077040
16077041
16077043
16077044
16077045
16077046
16077047
16077048
16077054
16077055
16078001
16078002
16078003
16078004
16078005
16078006
16078007
16078008
16078009
16078010
16078011
16078012
16078013
16078014
16078015
16078024
16078025
16078027
16078028
16078029
16078030
16078031
16078032
16078033
16078034
16078035
16078036
16078037
16078038
16078039
16078040
16078041
16078042
16078043
16078055
16078056
16079001
16079002
16079009
16079010
16079011
16079013
16079014
16079015
16079016
16079017
16079018
16079019
16079020
16079021
16079022
16079023
16079024
16079026
16079027
16079028
16079029
16079030
16079031
16079032
16079033
16079034
16079035
16079036
16079037
16079038
16079045
16079046
16079047
16079048
16079049
16079051
16079054
16079055
16079057
16079058
16079059
16079060
16079061
16079062
16079063
16080001
16080002
16080003
16080004
16080005
16080006
16080007
16080011
16080012
16080013
16080014
16080015
16080016
16080020
16080021
16080022
16080023
16080024
16080025
16080026
16080027
16080028
16080029
16080030
16080031
16080032
16080033
16080035
16080043
16080044
16080045
16080046
16080047
16080048
16080049
16080050
16080051
16080052
16080053
16080054
16080055
16081001
16081002
16081003
16081004
16081011
16081012
16081013
16081015
16081016
16081017
16081018
16081019
16081020
16081021
16081022
16081023
16081024
16081025
16081026
16081027
16081035
16081036
16081037
16081048
16081049
16081050
16081051
16081052
16081053
16081054
16081055
16081056
16081057
16081058
16081059
16081060
16081061
16082001
16082002
16082003
16082010
16082011
16082012
16082013
16082014
16082015
16082016
16082017
16082018
16082019
16082020
16082022
16082023
16082024
16082025
16082026
16082027
16082028
16082029
16082030
16082039
16082040
16082041
16082042
16082043
16082044
16082045
16082046
16082047
16082048
16082049
16082050
16082051
16082052
16082053
16082054
16082055
16082056
16082057
16082058
16083002
16083003
16083004
16083005
16083006
16083007
16083008
16083009
16083010
16083011
16083012
16083013
16083014
16083015
16083016
16083017
16083018
16083019
16083021
16083022
16083041
16083042
16083043
16083044
16083045
16083046
16083047
16083048
16083049
16083050
16083051
16083052
16083053
16083054
16083055
16083056
16083057
16083058
16083059
16083060
16083061
16083068
16083069
16083074
16083075
16083078
16083084
16084001
16084002
16084003
16084004
16084005
16084006
16084007
16084008
16084009
16084010
16084011
16084012
16084013
16084014
16084015
16084016
16084017
16084018
16084019
16084020
16085004
16085005
16085006
16085007
16085008
16085009
16085010
16085011
16085012
16085013
16085014
16085022
16085023
16085024
16085025
16085026
16085027
16085028
16085029
16085030
16085031
16085032
16085033
16085034
16085035
16085036
16085037
16085038
16085048
16085049
16085050
16085051
16085052
16085053
16085054
16085055
16085056
16085057
16085058
16085061
16085062
16085063
16085064
16085065
16085066
16085067
16085068
16085069
16085070
16085071
16085072
16085073
16085074
16086001
16086002
16086003
16086004
16086005
16086006
16086007
16086008
16086009
16086010
16086011
16086023
16086024
16086025
16086026
16086027
16086028
16086029
16086030
16086031
16086032
16086033
16086034
16086035
16086036
16086037
16086038
16086039
16086040
16086041
16086042
16086043
16086050
16086051
16086052
16086053
16086054
16087001
16087002
16087003
16087004
16087005
16087006
16087007
16087008
16087009
16087010
16087011
16087019
16087020
16087021
16087022
16087023
16087024
16087025
16087026
16087027
16087028
16087029
16087030
16087031
16087032
16087033
16087034
16087041
16087042
16087043
16087044
16087045
16087046
16087047
16087048
16087049
16087050
16087051
16087052
16087053
16087054
16087055
16088001
16088009
16088010
16088011
16088012
16088013
16088014
16088015
16088016
16088017
16088018
16088019
16088020
16088021
16088022
16088023
16088024
16088025
16088026
16088027
16088028
16088029
16088030
16088031
16088032
16088039
16088040
16088041
16088042
16088043
16088044
16088045
16088046
16088047
16088048
16088049
16088050
16089001
16089002
16089003
16089004
16089005
16089006
16089007
16089013
16089014
16089015
16089016
16089017
16089018
16089019
16089020
16089021
16089022
16089023
16089024
16089025
16089026
16089027
16089028
16089029
16089030
16089031
16089032
16089041
16089042
16089043
16089044
16089045
16089046
16089047
16089048
16089049
16089050
16089051
16089052
16089053
16089054
16090001
16090002
16090003
16090004
16090005
16090006
16090014
16090015
16090016
16090017
16090018
16090019
16090020
16090021
16090022
16090023
16090024
16090025
16090026
16090027
16090028
16090029
16090030
16090031
16090038
16090039
16090041
16090042
16090043
16090044
16090045
16090046
16090047
16090048
16090049
16090050
16090051
16090052
16090053
16090054
16091002
16091003
16091004
16091005
16091006
16091007
16091008
16091009
16091010
16091011
16091012
16091013
16091014
16091015
16091036
16091037
16091038
16091049
16091050
16091051
16091052
16091053
16091054
16091055
16091056
16091057
16091060
16091061
16091062
16091063
16092001
16092002
16092003
16092006
16092013
16092014
16092015
16092016
16092017
16092018
16092019
16092020
16092021
16092022
16092023
16092024
16092031
16092032
16092033
16092034
16092035
16092036
16092037
16092040
16092041
16092042
16092044
16092045
16092048
16092049
16092050
16092051
16092052
16092053
16092054
16092055
16092056
16092063
16092064
16092065
16092066
16092067
16092068
16092069
16092070
16092071
16093001
16093002
16093003
16093004
16093005
16093009
16093010
16093011
16093012
16093013
16093014
16093015
16093016
16093017
16093018
16093019
16093054
16093055
16093060
16093061
16093062
16093064
16093065
16093066
16093067
16093068
16093069
16093070
16093071
16093072
16093074
16093075
16093076
16093077
16094001
16094002
16094003
16094004
16094005
16094016
16094017
16094018
16094019
16094020
16094021
16094022
16094023
16094025
16094026
16094027
16094028
16094029
16094030
16094032
16094033
16094034
16094035
16094048
16094049
16094050
16094051
16094052
16094053
16094054
16095001
16095002
16095003
16095004
16095005
16095006
16095007
16095008
16095009
16095016
16095017
16095018
16095019
16095020
16095021
16095022
16095023
16095024
16095025
16095026
16095027
16095028
16095029
16095030
16095031
16095032
16095033
16095034
16095035
16095036
16095037
16095038
16095039
16095040
16095041
16095042
16095043
16095044
16095045
16095046
16095055
16095056
16095057
16095058
16095059
16095060
16095061
16095062
16095063
16095064
16095065
16095066
16095067
16095069
16095070
16095071
16095072
16095073
16095074
16095075
16095076
16095077
16095078
16095086
16095087
16096001
16096002
16096003
16096004
16096005
16096006
16096007
16096008
16096009
16096010
16096011
16096012
16096013
16096014
16096015
16096016
16096017
16096018
16096019
16096020
16096021
16096022
16096023
16096024
16096025
16096026
16096027
16096028
16096029
16096030
16096031
16096033
16096034
16096053
16096054
16096062
16096063
16096064
16096065
16096066
16096067
16096068
16096069
16097001
16097002
16097003
16097004
16097005
16097006
16097007
16097008
16097009
16097010
16097011
16097012
16097013
16097014
16097015
16097016
16097028
16097029
16097030
16097031
16097032
16097033
16097035
16097036
16097037
16097038
16097039
16097040
16097041
16097042
16097044
16097045
16097047
16097048
16097049
16097050
16097057
16097058
16097059
16097060
16097061
16097062
16097063
16097064
16097065
16097066
16098001
16098002
16098003
16098004
16098005
16098006
16098007
16098008
16098009
16098010
16098011
16098012
16098013
16098014
16098027
16099001
16099002
16099003
16099004
16099005
16099006
16099007
16099008
16099009
16099010
16099011
16099012
16099013
16099014
16099022
16099023
16099024
16099025
16099026
16099027
16099028
16099029
16099030
16099033
16099042
16099043
16099045
16099046
16099047
16099048
16099049
16099050
16099051
16099052
16099053
16099054
16099055
16099056
16099057
16099058
16099059
16099060
16099061
16100022
16100023
16100025
16100032
16100033
16100034
16100035
16100036
16100051
16100052
16100053
16100054
16100055
16100056
16100057
16100068
16100069
16100070
16100071
16100072
16100073
16100074
16100075
16100076
16100077
16100078
16100079
16100080
16100081
16100082
16100083
16100084
16100085
16100086
16100088
16100089
16101002
16101003
16101004
16101005
16101006
16101007
16101008
16101009
16101010
16101011
16101012
16101013
16101014
16101015
16101016
16101017
16101018
16101019
16101020
16101021
16101022
16101023
16101030
16101031
16101034
16101035
16101036
16101037
16101038
16101039
16101040
16101041
16101042
16101043
16101044
16101045
16101046
16101047
16101048
16101049
16101057
16101058
16102001
16102002
16102003
16102004
16102005
16102006
16102007
16102008
16102009
16102011
16102013
16102064
16102065
16102066
16103002
16103003
16103004
16103005
16103006
16103007
16103008
16103009
16103010
16103011
16103012
16103013
16103014
16103015
16103016
16103017
16103018
16103019
16103020
16103029
16103030
16103031
16103032
16103033
16103034
16103035
16103036
16103037
16103038
16103039
16103040
16103041
16103042
16103043
16103044
16103045
16103046
16103047
16103048
16103049
16103051
16103052
16103053
16104001
16104002
16104003
16104004
16104005
16104006
16104010
16104011
16104012
16104013
16104014
16104015
16104016
16104017
16104018
16104019
16104020
16104021
16104022
16104023
16104024
16104025
16104026
16104027
16104028
16104029
16104030
16104031
16104032
16104033
16104034
16104035
16104036
16104044
16104045
16104046
16104047
16104048
16104049
16104050
16104051
16104052
16104053
16104054
16104055
16104056
16104057
16104058
16104059
16104060
16104061
16105038
16105039
16105040
16105041
16105042
16105043
16105044
16105045
16105046
16106001
16106002
16106003
16106004
16106005
16106006
16106007
16106008
16106009
16106010
16106014
16106015
16106016
16106017
16106018
16106019
16106020
16106021
16106035
16106036
16106045
16106048
16106049
16106050
16106051
16106052
16106053
16106054
16106055
16106056
16106057
16106058
16107004
16107005
16107006
16107007
16107008
16107009
16107010
16107011
16107012
16107013
16107014
16107015
16107016
16107017
16107018
16107020
16107021
16107022
16107023
16107042
16107043
16107044
16107045
16107051
16107054
16107058
16107060
16107061
16107062
16107063
16108001
16108002
16108003
16108004
16108005
16108006
16108008
16108009
16108010
16108011
16108012
16108013
16108017
16108018
16108019
16108020
16108021
16108026
16108027
16108028
16108029
16108030
16108031
16108032
16108033
16108034
16108035
16108036
16108037
16108038
16108039
16108040
16108041
16108042
16108043
16108044
16108045
16108046
16108054
16108055
16108056
16108057
16108058
16109001
16109002
16109003
16109004
16109005
16109006
16109007
16109008
16109009
16109010
16109011
16109012
16109013
16109014
16109015
16109016
16109022
16109023
16109025
16109026
16109027
16109028
16109029
16109030
16109031
16109032
16109033
16109034
16109035
16109036
16109037
16109038
16109039
16109040
16109048
16109049
16109050
16109051
16109052
16109053
16109054
16109056
16109057
16109058
16109059
16109060
16109061
16110001
16110002
16110003
16110005
16110006
16110007
16110008
16110009
16110010
16110011
16110012
16110013
16110014
16110015
16110016
16110017
16110018
16110019
16110020
16110021
16110022
16110035
16110036
16110037
16110038
16110039
16110040
16110041
16110042
16111001
16111002
16111003
16111004
16111005
16111024
16111025
16111026
16111027
16111028
16111029
16111030
16111031
16111032
16111033
16111034
16111035
16111036
16111037
16111038
16111039
16111040
16111041
16111042
16111043
16111049
16111050
16112001
16112002
16112003
16112004
16112005
16112006
16112007
16112008
16112009
16112010
16112011
16112012
16112013
16113002
16113003
16113008
16113009
16113010
16113011
16113012
16113014
16113015
16113016
16113017
16113018
16113019
16113020
16113021
16113022
16113028
16113029
16113040
16113041
16113042
16113043
16113044
16113045
16113048
16113049
16113050
16113051
16113052
16113053
16113054
16113055
16113056
16114002
16114003
16114004
16114005
16114006
16114007
16114008
16114009
16114010
16114011
16114012
16114013
16114014
16114015
16114016
16114017
16114018
16114026
16114027
16114028
16114029
16114030
16114031
16114032
16114033
16114034
16114036
16114041
16114043
16114044
16114046
16114047
16114048
16114049
16115001
16115002
16115003
16115004
16115005
16115006
16115007
16115008
16115009
16115010
16115011
16115012
16115016
16115017
16115018
16115019
16115021
16115022
16115029
16115030
16115031
16115032
16115033
16115034
16115036
16115037
16115039
16115040
16115041
16115042
16115044
16115045
16115046
16115047
16115048
16115053
16115054
16115055
16115056
16115057
16115058
16115059
16115060
16115061
16115062
16115063
16115064
16115065
16115066
16116001
16116002
16116007
16116008
16116009
16116010
16116011
16116012
16116013
16116014
16116015
16116016
16116017
16116018
16116019
16116020
16116021
16116022
16116023
16116024
16116025
16116032
16116033
16116034
16116035
16116036
16116037
16116038
16116039
16116040
16116041
16116042
16116043
16116044
16116045
16116046
16116047
16116048
16116049
16116052
16116053
16116054
16116055
16117001
16117002
16117003
16117004
16117005
16117006
16117007
16117008
16117009
16117010
16117011
16117012
16117013
16117014
16117015
16117016
16117017
16117018
16117019
